Gen,NbVert,T_Min,T_Avg,T_Max,T_mutat,T_eval,T_total
0,419,0.01,0.03,0.08,0.03,0.07,0.42
1,437,0.00,0.04,0.12,0.13,0.07,1.36
2,447,0.01,0.05,0.14,0.13,0.08,2.48
3,442,0.00,0.05,0.15,0.17,0.08,3.71
4,446,0.00,0.06,0.14,0.13,0.09,4.85
5,443,0.00,0.07,0.18,0.15,0.09,6.07
6,450,0.01,0.07,0.21,0.17,0.09,7.33
7,450,0.00,0.08,0.21,0.15,0.10,8.59
8,451,0.01,0.09,0.23,0.15,0.10,9.84
9,454,0.01,0.10,0.24,0.13,0.10,11.10
10,463,0.01,0.11,0.25,0.15,0.11,12.40
11,461,0.01,0.12,0.27,0.19,0.11,13.82
12,461,0.01,0.12,0.29,0.18,0.11,15.21
13,457,0.01,0.13,0.29,0.13,0.11,16.61
14,458,0.01,0.13,0.29,0.16,0.11,18.11
15,472,0.01,0.15,0.29,0.17,0.12,19.54
16,471,0.01,0.14,0.32,0.18,0.12,21.05
17,460,0.01,0.14,0.30,0.17,0.12,22.58
18,461,0.01,0.15,0.33,0.17,0.12,24.13
19,459,0.02,0.15,0.33,0.17,0.12,25.77
20,477,0.01,0.16,0.32,0.13,0.13,27.33
21,475,0.01,0.15,0.33,0.14,0.12,28.94
22,470,0.01,0.15,0.32,0.16,0.12,30.57
23,473,0.01,0.15,0.33,0.16,0.13,32.18
24,470,0.01,0.17,0.39,0.19,0.14,33.81
25,504,0.02,0.19,0.40,0.16,0.14,35.45
26,493,0.01,0.16,0.38,0.21,0.14,37.24
27,485,0.01,0.17,0.38,0.18,0.13,38.96
28,479,0.01,0.18,0.41,0.14,0.13,40.54
29,473,0.01,0.18,0.40,0.13,0.13,42.18
30,503,0.02,0.18,0.41,0.17,0.14,43.94
31,495,0.01,0.20,0.42,0.18,0.13,45.72
32,487,0.01,0.17,0.43,0.20,0.13,47.52
33,484,0.01,0.16,0.43,0.17,0.12,49.27
34,479,0.01,0.20,0.44,0.13,0.13,51.00
35,512,0.01,0.19,0.42,0.16,0.13,52.78
36,501,0.01,0.18,0.42,0.17,0.13,54.56
37,485,0.01,0.15,0.42,0.18,0.12,56.33
38,475,0.01,0.17,0.42,0.16,0.12,58.01
39,475,0.01,0.20,0.42,0.17,0.13,59.72
40,516,0.00,0.19,0.42,0.20,0.13,61.47
41,517,0.01,0.18,0.42,0.24,0.13,63.32
42,503,0.01,0.19,0.42,0.18,0.13,65.15
43,495,0.00,0.17,0.42,0.16,0.12,66.87
44,488,0.01,0.19,0.45,0.18,0.13,68.59
45,531,0.01,0.18,0.43,0.23,0.12,70.46
46,522,0.01,0.17,0.42,0.19,0.12,72.38
47,510,0.01,0.16,0.42,0.21,0.12,74.18
48,491,0.01,0.17,0.42,0.18,0.12,75.99
49,485,0.00,0.18,0.42,0.18,0.13,77.77
50,534,0.01,0.18,0.42,0.20,0.13,79.64
51,524,0.01,0.17,0.42,0.18,0.13,81.55
52,520,0.01,0.17,0.43,0.20,0.13,83.51
53,508,0.01,0.17,0.43,0.18,0.12,85.33
54,503,0.01,0.20,0.48,0.22,0.13,87.16
55,546,0.01,0.19,0.46,0.22,0.14,89.03
56,534,0.01,0.19,0.43,0.23,0.14,90.98
57,527,0.01,0.19,0.44,0.24,0.14,92.87
58,511,0.01,0.19,0.43,0.19,0.14,94.76
59,496,0.01,0.21,0.46,0.19,0.15,96.60
60,542,0.01,0.21,0.48,0.19,0.15,98.46
61,523,0.01,0.18,0.46,0.21,0.14,100.40
62,507,0.01,0.19,0.46,0.20,0.14,102.29
63,496,0.01,0.19,0.46,0.21,0.14,104.14
64,489,0.01,0.20,0.46,0.17,0.15,105.99
65,549,0.01,0.20,0.46,0.22,0.15,107.97
66,535,0.01,0.21,0.46,0.23,0.14,109.97
67,526,0.00,0.21,0.48,0.23,0.14,111.89
68,512,0.01,0.21,0.46,0.22,0.14,113.94
69,498,0.01,0.21,0.47,0.18,0.14,115.78
70,564,0.01,0.20,0.46,0.24,0.15,117.74
71,542,0.01,0.19,0.46,0.26,0.14,119.78
72,526,0.01,0.19,0.50,0.21,0.13,121.78
73,508,0.01,0.18,0.46,0.20,0.14,123.78
74,498,0.01,0.20,0.47,0.23,0.15,125.67
75,542,0.02,0.21,0.48,0.23,0.14,127.67
76,523,0.01,0.20,0.47,0.26,0.14,129.84
77,514,0.01,0.19,0.47,0.25,0.13,131.89
78,507,0.01,0.19,0.47,0.23,0.14,133.92
79,498,0.01,0.20,0.47,0.24,0.14,135.82
80,564,0.01,0.20,0.48,0.22,0.14,137.76
81,556,0.01,0.20,0.47,0.25,0.15,139.97
82,538,0.01,0.20,0.48,0.27,0.14,142.12
83,515,0.01,0.17,0.49,0.23,0.13,144.18
84,507,0.01,0.19,0.48,0.27,0.14,146.21
85,570,0.01,0.20,0.48,0.25,0.14,148.34
86,567,0.01,0.21,0.48,0.27,0.15,150.56
87,554,0.01,0.21,0.48,0.26,0.14,152.68
88,540,0.01,0.19,0.48,0.22,0.13,154.73
89,523,0.01,0.18,0.48,0.23,0.13,156.75
90,571,0.01,0.18,0.48,0.26,0.13,158.82
91,556,0.01,0.18,0.48,0.26,0.13,161.05
92,545,0.01,0.17,0.48,0.26,0.12,163.23
93,530,0.01,0.20,0.48,0.23,0.14,165.26
94,519,0.01,0.20,0.49,0.25,0.13,167.30
95,573,0.01,0.19,0.48,0.26,0.14,169.34
96,562,0.01,0.19,0.48,0.26,0.14,171.45
97,540,0.01,0.18,0.48,0.28,0.13,173.56
98,521,0.01,0.18,0.49,0.24,0.13,175.60
99,504,0.01,0.19,0.48,0.23,0.14,177.59
100,555,0.01,0.19,0.48,0.26,0.14,179.61
101,545,0.01,0.20,0.49,0.25,0.14,181.76
102,533,0.01,0.21,0.48,0.24,0.14,183.83
103,520,0.02,0.20,0.48,0.25,0.14,185.89
104,506,0.00,0.21,0.49,0.24,0.14,187.90
105,543,0.01,0.21,0.51,0.22,0.15,189.92
106,531,0.01,0.20,0.51,0.24,0.14,192.10
107,524,0.01,0.21,0.49,0.24,0.16,194.20
108,521,0.01,0.21,0.51,0.26,0.16,196.32
109,513,0.01,0.21,0.50,0.22,0.15,198.37
110,579,0.01,0.19,0.49,0.27,0.14,200.50
111,565,0.01,0.21,0.51,0.24,0.14,202.68
112,555,0.01,0.19,0.51,0.24,0.15,204.84
113,536,0.01,0.20,0.50,0.23,0.15,206.95
114,513,0.01,0.19,0.50,0.22,0.14,209.03
115,594,0.00,0.18,0.50,0.25,0.14,211.17
116,582,0.01,0.20,0.50,0.24,0.14,213.44
117,567,0.01,0.18,0.50,0.23,0.14,215.59
118,554,0.01,0.20,0.51,0.23,0.13,217.57
119,532,0.01,0.18,0.51,0.23,0.13,219.63
120,587,0.01,0.19,0.50,0.26,0.14,221.80
121,568,0.01,0.17,0.49,0.25,0.14,223.95
122,558,0.01,0.18,0.50,0.25,0.14,226.03
123,531,0.01,0.17,0.49,0.24,0.12,228.13
124,515,0.02,0.20,0.55,0.20,0.13,230.05
125,574,0.01,0.21,0.52,0.22,0.15,232.11
126,565,0.01,0.18,0.50,0.21,0.14,234.34
127,551,0.01,0.19,0.49,0.25,0.14,236.53
128,527,0.01,0.19,0.51,0.23,0.13,238.55
129,522,0.01,0.19,0.50,0.21,0.15,240.51
130,584,0.01,0.21,0.50,0.22,0.15,242.57
131,577,0.01,0.22,0.50,0.25,0.15,244.82
132,566,0.01,0.21,0.51,0.26,0.15,247.01
133,546,0.01,0.19,0.50,0.23,0.15,249.07
134,537,0.01,0.20,0.49,0.24,0.15,251.11
135,613,0.01,0.20,0.50,0.26,0.15,253.30
136,597,0.01,0.22,0.51,0.27,0.16,255.58
137,584,0.01,0.21,0.50,0.25,0.15,257.75
138,575,0.01,0.22,0.50,0.23,0.16,259.85
139,565,0.01,0.19,0.49,0.26,0.15,261.94
140,625,0.01,0.21,0.50,0.26,0.15,264.15
141,606,0.01,0.18,0.51,0.29,0.14,266.37
142,582,0.01,0.20,0.52,0.24,0.13,268.56
143,558,0.01,0.18,0.52,0.28,0.14,270.76
144,539,0.01,0.20,0.51,0.24,0.14,272.86
145,610,0.01,0.20,0.50,0.26,0.14,275.09
146,590,0.01,0.17,0.50,0.24,0.14,277.40
147,570,0.01,0.19,0.50,0.25,0.13,279.61
148,547,0.01,0.16,0.50,0.25,0.12,281.79
149,528,0.01,0.18,0.50,0.26,0.13,283.87
150,666,0.01,0.20,0.51,0.27,0.14,286.17
151,642,0.01,0.18,0.50,0.28,0.14,288.62
152,618,0.01,0.19,0.51,0.28,0.14,291.00
153,593,0.01,0.20,0.51,0.30,0.15,293.37
154,570,0.01,0.18,0.50,0.26,0.14,295.69
155,652,0.01,0.18,0.51,0.27,0.13,297.98
156,617,0.01,0.18,0.52,0.29,0.13,300.50
157,587,0.02,0.18,0.51,0.29,0.14,302.90
158,568,0.01,0.19,0.51,0.26,0.14,305.24
159,548,0.01,0.19,0.51,0.24,0.14,307.52
160,619,0.01,0.18,0.53,0.27,0.13,309.85
161,594,0.01,0.19,0.52,0.26,0.13,312.31
162,574,0.01,0.18,0.54,0.28,0.13,314.67
163,562,0.01,0.18,0.52,0.27,0.15,317.01
164,543,0.01,0.20,0.52,0.30,0.15,319.34
165,623,0.01,0.20,0.52,0.28,0.14,321.64
166,602,0.01,0.19,0.52,0.27,0.14,324.06
167,579,0.01,0.19,0.52,0.29,0.14,326.41
168,551,0.01,0.17,0.52,0.25,0.13,328.75
169,533,0.01,0.19,0.52,0.24,0.14,330.88
170,602,0.01,0.21,0.52,0.26,0.14,333.21
171,583,0.01,0.18,0.52,0.26,0.14,335.64
172,553,0.01,0.19,0.52,0.25,0.13,338.02
173,524,0.01,0.18,0.54,0.22,0.14,340.31
174,513,0.01,0.19,0.51,0.24,0.15,342.59
175,616,0.00,0.21,0.53,0.29,0.15,344.98
176,601,0.01,0.21,0.51,0.25,0.16,347.53
177,588,0.01,0.21,0.50,0.26,0.16,350.06
178,569,0.01,0.20,0.52,0.27,0.16,352.48
179,557,0.01,0.20,0.51,0.24,0.15,354.81
180,672,0.01,0.21,0.51,0.27,0.17,357.30
181,650,0.01,0.23,0.53,0.31,0.17,359.92
182,627,0.01,0.20,0.53,0.29,0.15,362.51
183,603,0.01,0.19,0.52,0.33,0.15,365.02
184,583,0.01,0.19,0.52,0.28,0.15,367.51
185,688,0.00,0.20,0.52,0.30,0.15,370.13
186,674,0.01,0.20,0.52,0.31,0.14,372.83
187,655,0.01,0.18,0.52,0.32,0.15,375.46
188,626,0.01,0.17,0.52,0.32,0.15,378.09
189,606,0.01,0.17,0.52,0.29,0.14,380.67
190,715,0.01,0.19,0.51,0.33,0.15,383.40
191,694,0.01,0.17,0.52,0.34,0.14,386.20
192,668,0.01,0.20,0.51,0.33,0.15,388.98
193,640,0.01,0.19,0.52,0.30,0.15,391.67
194,606,0.01,0.18,0.52,0.31,0.14,394.23
195,692,0.00,0.16,0.52,0.31,0.14,396.85
196,645,0.01,0.16,0.52,0.29,0.14,399.59
197,619,0.01,0.18,0.52,0.27,0.15,402.21
198,596,0.01,0.18,0.52,0.28,0.14,404.70
199,576,0.01,0.17,0.52,0.28,0.14,407.20
200,670,0.01,0.18,0.52,0.31,0.15,409.92
201,656,0.01,0.18,0.52,0.30,0.15,412.73
202,631,0.01,0.18,0.52,0.31,0.14,415.41
203,612,0.01,0.21,0.52,0.31,0.15,418.01
204,599,0.01,0.19,0.52,0.29,0.16,420.58
205,727,0.01,0.19,0.52,0.30,0.16,423.33
206,707,0.01,0.18,0.52,0.33,0.15,426.18
207,673,0.00,0.17,0.52,0.32,0.14,429.03
208,648,0.01,0.17,0.52,0.32,0.14,431.79
209,612,0.01,0.18,0.52,0.28,0.15,434.42
210,775,0.01,0.18,0.52,0.39,0.15,437.33
211,752,0.01,0.19,0.52,0.36,0.15,440.32
212,718,0.01,0.17,0.52,0.35,0.14,443.18
213,688,0.01,0.16,0.52,0.32,0.14,446.04
214,666,0.01,0.18,0.53,0.31,0.15,448.67
215,789,0.01,0.18,0.52,0.39,0.16,451.53
216,753,0.01,0.19,0.52,0.36,0.15,454.53
217,717,0.01,0.17,0.52,0.38,0.15,457.45
218,680,0.01,0.17,0.52,0.33,0.14,460.20
219,643,0.00,0.16,0.52,0.28,0.14,462.82
220,753,0.01,0.17,0.52,0.33,0.13,465.62
221,710,0.01,0.17,0.52,0.32,0.14,468.49
222,683,0.01,0.19,0.52,0.32,0.15,471.28
223,660,0.01,0.18,0.52,0.33,0.15,474.08
224,633,0.01,0.20,0.52,0.30,0.15,476.79
225,767,0.01,0.18,0.52,0.36,0.15,479.60
226,724,0.01,0.17,0.52,0.32,0.14,482.51
227,689,0.01,0.17,0.52,0.34,0.14,485.38
228,658,0.01,0.18,0.52,0.31,0.14,488.19
229,626,0.01,0.16,0.50,0.30,0.14,490.92
230,786,0.01,0.17,0.53,0.33,0.14,493.81
231,745,0.01,0.17,0.54,0.35,0.14,496.85
232,707,0.00,0.18,0.53,0.35,0.14,499.79
233,670,0.01,0.17,0.52,0.34,0.14,502.61
234,629,0.01,0.15,0.51,0.29,0.13,505.27
235,754,0.01,0.16,0.51,0.35,0.13,508.16
236,711,0.01,0.16,0.51,0.35,0.13,511.12
237,682,0.01,0.17,0.51,0.32,0.14,513.90
238,654,0.01,0.18,0.51,0.31,0.15,516.61
239,630,0.02,0.17,0.51,0.28,0.13,519.13
240,777,0.01,0.16,0.51,0.40,0.13,521.94
241,744,0.01,0.17,0.51,0.36,0.13,524.85
242,714,0.01,0.17,0.51,0.38,0.14,527.67
243,685,0.01,0.17,0.52,0.34,0.14,530.33
244,639,0.01,0.16,0.51,0.29,0.13,532.88
245,770,0.01,0.16,0.51,0.39,0.14,535.74
246,741,0.01,0.16,0.51,0.36,0.14,538.68
247,712,0.01,0.18,0.51,0.34,0.14,541.44
248,670,0.01,0.16,0.52,0.33,0.14,544.17
249,633,0.01,0.15,0.51,0.28,0.13,546.68
250,754,0.01,0.16,0.53,0.36,0.13,549.45
251,721,0.01,0.18,0.52,0.32,0.15,552.36
252,685,0.01,0.18,0.52,0.33,0.14,555.11
253,655,0.01,0.17,0.52,0.32,0.14,557.80
254,626,0.01,0.18,0.52,0.27,0.14,560.35
255,757,0.01,0.18,0.52,0.34,0.14,563.10
256,730,0.01,0.18,0.52,0.35,0.14,566.02
257,703,0.01,0.19,0.52,0.33,0.14,568.86
258,674,0.01,0.20,0.53,0.29,0.14,571.59
259,643,0.01,0.17,0.52,0.32,0.14,574.19
260,791,0.01,0.17,0.52,0.33,0.14,577.08
261,756,0.01,0.19,0.52,0.33,0.15,580.19
262,730,0.01,0.19,0.52,0.35,0.15,583.12
263,708,0.01,0.19,0.52,0.34,0.15,586.02
264,676,0.01,0.18,0.52,0.30,0.14,588.71
265,804,0.01,0.15,0.52,0.37,0.13,591.58
266,765,0.01,0.15,0.52,0.35,0.13,594.56
267,737,0.01,0.18,0.52,0.35,0.15,597.50
268,701,0.01,0.15,0.52,0.32,0.13,600.35
269,670,0.01,0.19,0.52,0.33,0.15,603.11
270,801,0.01,0.19,0.53,0.34,0.15,606.13
271,759,0.01,0.16,0.52,0.35,0.14,609.16
272,715,0.01,0.17,0.52,0.33,0.15,612.06
273,688,0.01,0.18,0.52,0.31,0.14,614.91
274,655,0.01,0.16,0.52,0.31,0.13,617.61
275,802,0.01,0.17,0.52,0.35,0.14,620.52
276,772,0.01,0.17,0.52,0.33,0.13,623.52
277,751,0.01,0.18,0.53,0.37,0.13,626.57
278,724,0.01,0.19,0.52,0.37,0.15,629.61
279,684,0.01,0.16,0.51,0.31,0.13,632.46
280,816,0.01,0.15,0.52,0.37,0.14,635.54
281,765,0.02,0.16,0.51,0.39,0.14,638.64
282,716,0.01,0.17,0.52,0.36,0.14,641.68
283,667,0.01,0.16,0.53,0.33,0.14,644.56
284,642,0.01,0.18,0.54,0.32,0.14,647.29
285,789,0.01,0.20,0.52,0.35,0.15,650.29
286,768,0.01,0.21,0.58,0.36,0.16,653.40
287,740,0.01,0.20,0.56,0.35,0.15,656.50
288,700,0.01,0.17,0.54,0.32,0.14,659.45
289,665,0.01,0.17,0.54,0.33,0.14,662.32
290,798,0.01,0.17,0.53,0.35,0.14,665.40
291,763,0.01,0.17,0.53,0.36,0.12,668.46
292,732,0.01,0.17,0.53,0.39,0.14,671.53
293,700,0.01,0.18,0.54,0.34,0.14,674.40
294,670,0.01,0.17,0.53,0.32,0.14,677.19
295,803,0.01,0.16,0.53,0.37,0.14,680.23
296,782,0.01,0.16,0.52,0.38,0.15,683.51
297,752,0.01,0.19,0.52,0.36,0.14,686.63
298,710,0.01,0.17,0.52,0.34,0.12,689.54
299,675,0.01,0.17,0.52,0.32,0.12,692.34
300,791,0.01,0.16,0.52,0.39,0.12,695.35
301,749,0.01,0.16,0.52,0.35,0.12,698.42
302,710,0.01,0.15,0.52,0.32,0.13,701.32
303,674,0.01,0.18,0.52,0.31,0.14,704.15
304,633,0.01,0.17,0.52,0.29,0.14,706.86
305,765,0.01,0.16,0.52,0.35,0.14,709.87
306,737,0.01,0.18,0.52,0.36,0.15,712.98
307,711,0.00,0.18,0.52,0.32,0.14,715.85
308,686,0.01,0.19,0.53,0.35,0.14,718.66
309,648,0.01,0.16,0.52,0.30,0.14,721.29
310,777,0.01,0.16,0.51,0.35,0.15,724.23
311,743,0.01,0.17,0.51,0.38,0.14,727.34
312,706,0.01,0.17,0.52,0.36,0.13,730.18
313,661,0.00,0.16,0.51,0.32,0.14,732.97
314,617,0.01,0.17,0.51,0.25,0.14,735.59
315,746,0.01,0.16,0.51,0.34,0.14,738.49
316,708,0.01,0.16,0.52,0.34,0.12,741.53
317,674,0.00,0.17,0.51,0.33,0.14,744.47
318,641,0.00,0.17,0.51,0.31,0.14,747.19
319,615,0.01,0.17,0.52,0.30,0.13,749.84
320,750,0.01,0.17,0.52,0.36,0.14,752.80
321,715,0.00,0.16,0.52,0.34,0.14,755.76
322,689,0.00,0.17,0.52,0.33,0.15,758.66
323,663,0.01,0.19,0.52,0.34,0.14,761.52
324,641,0.01,0.19,0.51,0.32,0.15,764.30
325,774,0.01,0.20,0.55,0.38,0.15,767.24
326,744,0.01,0.16,0.52,0.37,0.14,770.32
327,713,0.01,0.17,0.51,0.33,0.14,773.40
328,686,0.01,0.17,0.51,0.33,0.14,776.40
329,661,0.01,0.18,0.51,0.31,0.14,779.17
330,797,0.01,0.19,0.51,0.38,0.14,782.25
331,769,0.01,0.17,0.51,0.38,0.13,785.48
332,727,0.01,0.16,0.51,0.41,0.14,788.50
333,689,0.01,0.17,0.51,0.35,0.14,791.38
334,650,0.01,0.16,0.51,0.33,0.14,794.04
335,778,0.01,0.17,0.51,0.36,0.13,796.95
336,733,0.01,0.17,0.51,0.36,0.15,800.10
337,708,0.01,0.17,0.51,0.35,0.15,803.05
338,687,0.01,0.18,0.51,0.36,0.16,805.94
339,662,0.01,0.16,0.51,0.32,0.14,808.68
340,795,0.01,0.18,0.51,0.36,0.16,811.72
341,761,0.01,0.17,0.51,0.35,0.15,814.83
342,729,0.01,0.16,0.51,0.36,0.14,817.82
343,683,0.01,0.18,0.51,0.31,0.15,820.62
344,636,0.01,0.14,0.51,0.30,0.13,823.33
345,753,0.01,0.15,0.50,0.32,0.14,826.27
346,713,0.01,0.15,0.51,0.34,0.14,829.38
347,680,0.01,0.17,0.51,0.31,0.14,832.27
348,658,0.01,0.16,0.51,0.33,0.13,834.99
349,631,0.01,0.20,0.52,0.31,0.14,837.62
350,763,0.01,0.16,0.50,0.34,0.15,840.50
351,722,0.01,0.15,0.51,0.32,0.13,843.45
352,687,0.01,0.16,0.51,0.33,0.14,846.29
353,660,0.01,0.17,0.51,0.30,0.14,849.02
354,631,0.01,0.17,0.50,0.31,0.14,851.63
355,758,0.01,0.17,0.53,0.33,0.14,854.42
356,730,0.01,0.16,0.50,0.35,0.14,857.39
357,702,0.01,0.17,0.50,0.33,0.15,860.22
358,670,0.01,0.20,0.50,0.31,0.16,862.92
359,648,0.01,0.18,0.50,0.32,0.14,865.63
360,786,0.01,0.18,0.53,0.36,0.13,868.51
361,740,0.01,0.16,0.53,0.38,0.14,871.52
362,701,0.01,0.18,0.52,0.32,0.14,874.42
363,664,0.01,0.15,0.52,0.31,0.14,877.09
364,627,0.01,0.18,0.52,0.29,0.14,879.65
365,753,0.01,0.18,0.52,0.34,0.14,882.46
366,722,0.01,0.17,0.52,0.37,0.14,885.47
367,689,0.01,0.17,0.52,0.34,0.14,888.32
368,652,0.01,0.16,0.52,0.30,0.13,891.09
369,618,0.01,0.18,0.53,0.30,0.14,893.75
370,755,0.01,0.18,0.55,0.36,0.14,896.64
371,717,0.01,0.16,0.53,0.33,0.13,899.61
372,681,0.01,0.18,0.53,0.34,0.15,902.49
373,655,0.01,0.18,0.54,0.35,0.14,905.30
374,623,0.01,0.16,0.53,0.28,0.13,907.81
375,761,0.01,0.19,0.53,0.33,0.15,910.64
376,728,0.01,0.18,0.53,0.38,0.15,913.74
377,700,0.02,0.17,0.53,0.34,0.15,916.72
378,664,0.01,0.20,0.55,0.31,0.14,919.46
379,631,0.01,0.16,0.53,0.31,0.14,922.18
380,770,0.01,0.17,0.53,0.34,0.14,925.25
381,731,0.01,0.18,0.53,0.37,0.14,928.47
382,688,0.01,0.17,0.53,0.32,0.14,931.48
383,653,0.01,0.20,0.54,0.30,0.15,934.40
384,623,0.01,0.19,0.54,0.28,0.15,937.17
385,766,0.01,0.19,0.54,0.37,0.15,940.28
386,739,0.01,0.18,0.53,0.36,0.15,943.50
387,723,0.01,0.20,0.53,0.38,0.16,946.61
388,693,0.01,0.18,0.53,0.36,0.13,949.65
389,662,0.01,0.18,0.53,0.31,0.14,952.53
390,802,0.01,0.18,0.53,0.36,0.14,955.66
391,775,0.01,0.18,0.53,0.39,0.14,958.95
392,737,0.01,0.16,0.53,0.38,0.13,962.07
393,701,0.01,0.18,0.53,0.35,0.13,965.13
394,676,0.01,0.16,0.53,0.34,0.13,968.07
395,827,0.01,0.18,0.53,0.37,0.15,971.20
396,790,0.01,0.16,0.53,0.41,0.13,974.46
397,755,0.01,0.17,0.53,0.37,0.13,977.60
398,723,0.01,0.17,0.53,0.35,0.13,980.65
399,692,0.01,0.17,0.53,0.37,0.13,983.54
400,829,0.01,0.17,0.53,0.35,0.13,986.62
401,793,0.01,0.18,0.53,0.37,0.13,989.93
402,760,0.01,0.17,0.54,0.37,0.13,993.10
403,726,0.01,0.18,0.53,0.35,0.15,996.15
404,693,0.01,0.17,0.53,0.32,0.13,999.05
405,836,0.01,0.18,0.53,0.41,0.16,1002.29
406,812,0.01,0.18,0.53,0.39,0.14,1005.66
407,792,0.01,0.18,0.53,0.41,0.14,1008.86
408,773,0.01,0.19,0.54,0.39,0.14,1011.88
409,740,0.01,0.18,0.53,0.36,0.14,1014.81
410,875,0.01,0.19,0.54,0.38,0.15,1017.98
411,831,0.01,0.16,0.53,0.37,0.14,1021.21
412,797,0.01,0.17,0.54,0.38,0.14,1024.41
413,771,0.01,0.17,0.53,0.40,0.14,1027.41
414,747,0.01,0.18,0.53,0.37,0.14,1030.33
415,916,0.01,0.20,0.53,0.47,0.15,1033.67
416,880,0.01,0.20,0.53,0.43,0.15,1037.16
417,833,0.01,0.16,0.53,0.40,0.13,1040.30
418,782,0.01,0.16,0.53,0.37,0.12,1043.35
419,742,0.01,0.17,0.54,0.34,0.13,1046.39
420,867,0.01,0.16,0.55,0.38,0.13,1049.60
421,826,0.01,0.16,0.53,0.41,0.14,1053.03
422,789,0.01,0.17,0.53,0.38,0.15,1056.42
423,766,0.01,0.19,0.53,0.39,0.15,1059.73
424,741,0.00,0.18,0.54,0.38,0.14,1062.80
425,880,0.01,0.19,0.53,0.39,0.15,1066.10
426,840,0.01,0.17,0.53,0.40,0.15,1069.48
427,801,0.01,0.15,0.53,0.40,0.14,1072.73
428,770,0.01,0.18,0.51,0.38,0.15,1075.90
429,739,0.01,0.20,0.53,0.36,0.15,1078.90
430,889,0.01,0.19,0.53,0.41,0.15,1082.22
431,849,0.01,0.18,0.53,0.42,0.15,1085.72
432,802,0.01,0.16,0.53,0.37,0.14,1088.96
433,748,0.01,0.15,0.53,0.38,0.13,1092.01
434,705,0.01,0.15,0.53,0.32,0.14,1094.91
435,842,0.01,0.19,0.53,0.40,0.15,1098.09
436,810,0.01,0.16,0.53,0.42,0.15,1101.49
437,776,0.01,0.19,0.53,0.37,0.15,1104.79
438,753,0.01,0.20,0.53,0.37,0.16,1107.98
439,735,0.00,0.17,0.53,0.41,0.15,1111.25
440,887,0.01,0.21,0.53,0.45,0.17,1114.64
441,863,0.01,0.18,0.53,0.42,0.16,1118.14
442,832,0.01,0.17,0.53,0.45,0.16,1121.59
443,791,0.01,0.17,0.53,0.39,0.14,1124.71
444,752,0.01,0.16,0.53,0.37,0.14,1127.69
445,887,0.01,0.17,0.53,0.42,0.15,1130.97
446,858,0.01,0.18,0.53,0.45,0.15,1134.45
447,834,0.00,0.19,0.53,0.42,0.15,1137.85
448,810,0.01,0.17,0.53,0.40,0.14,1141.09
449,784,0.01,0.19,0.53,0.39,0.14,1144.25
450,928,0.01,0.18,0.53,0.43,0.15,1147.68
451,896,0.01,0.18,0.53,0.46,0.15,1151.29
452,861,0.01,0.16,0.53,0.45,0.15,1154.82
453,826,0.01,0.18,0.53,0.38,0.15,1158.17
454,772,0.01,0.16,0.53,0.38,0.13,1161.35
455,891,0.01,0.17,0.53,0.41,0.14,1164.73
456,850,0.01,0.16,0.53,0.42,0.14,1168.19
457,823,0.01,0.19,0.53,0.41,0.16,1171.52
458,800,0.01,0.20,0.53,0.40,0.15,1174.70
459,780,0.01,0.19,0.53,0.38,0.15,1177.78
460,930,0.01,0.20,0.53,0.44,0.15,1181.14
461,910,0.01,0.20,0.53,0.49,0.15,1184.64
462,888,0.01,0.18,0.53,0.46,0.15,1188.07
463,869,0.01,0.18,0.54,0.45,0.15,1191.45
464,832,0.01,0.17,0.53,0.38,0.14,1194.53
465,964,0.01,0.17,0.53,0.44,0.15,1197.98
466,916,0.01,0.15,0.53,0.46,0.14,1201.59
467,877,0.01,0.16,0.53,0.44,0.13,1204.96
468,836,0.01,0.15,0.53,0.38,0.12,1208.09
469,805,0.01,0.17,0.53,0.39,0.13,1211.26
470,966,0.01,0.19,0.53,0.46,0.15,1214.71
471,939,0.01,0.18,0.53,0.49,0.14,1218.35
472,905,0.01,0.17,0.53,0.54,0.14,1222.00
473,873,0.01,0.17,0.53,0.41,0.14,1225.24
474,837,0.01,0.18,0.53,0.39,0.15,1228.30
475,979,0.01,0.19,0.53,0.44,0.15,1231.64
476,945,0.01,0.18,0.53,0.47,0.14,1235.15
477,903,0.01,0.18,0.51,0.44,0.15,1238.55
478,868,0.01,0.18,0.55,0.41,0.15,1241.87
479,830,0.01,0.18,0.53,0.43,0.15,1245.01
480,990,0.01,0.17,0.51,0.46,0.15,1248.40
481,952,0.01,0.17,0.51,0.44,0.15,1251.86
482,918,0.01,0.16,0.51,0.45,0.13,1255.25
483,877,0.01,0.18,0.51,0.44,0.14,1258.52
484,834,0.01,0.15,0.51,0.40,0.12,1261.56
485,966,0.01,0.17,0.51,0.46,0.14,1265.04
486,934,0.01,0.16,0.51,0.51,0.13,1268.73
487,905,0.01,0.17,0.51,0.46,0.14,1272.27
488,875,0.01,0.20,0.51,0.45,0.15,1275.68
489,841,0.01,0.19,0.51,0.40,0.16,1278.90
490,995,0.01,0.16,0.51,0.47,0.14,1282.39
491,946,0.01,0.19,0.52,0.46,0.16,1285.94
492,892,0.01,0.15,0.51,0.41,0.14,1289.29
493,840,0.01,0.16,0.51,0.40,0.14,1292.40
494,791,0.01,0.15,0.51,0.37,0.14,1295.36
495,920,0.01,0.16,0.51,0.46,0.15,1298.76
496,872,0.01,0.16,0.51,0.44,0.15,1302.21
497,833,0.01,0.19,0.53,0.41,0.15,1305.65
498,805,0.01,0.19,0.51,0.40,0.16,1309.09
499,782,0.02,0.19,0.53,0.39,0.15,1312.38
